DaysSinceStart = 18
LvObfuscation = false
93200,1,1,none,-1
98000,1,1,none,-1
101200,1,1,abb595b9-40aa-403f-8ee9-b417293d38f0,-1
89400,1,1,fc674dc8-c62d-4030-be08-dcb23afa0dc2,-1
200,1,1,218abf4d-ea94-4891-8c31-4c18bf6a88a6,-1
201,1,1,ed35d894-7ef5-42c5-a38a-4a2ee735c980,-1
203,1,1,dbd1c43a-70d6-4244-b5d1-025f4d874683,-1
204,1,1,main,0,6aa3aef3-68e5-4de5-bd8e-2531933ab6d2,-1
205,1,1,f633ee04-76a6-407f-a390-6884886a245d,-1
91200,1,1,none,-1
107600,1,1,none,-1
95000,1,1,none,-1
106000,1,1,GEN-222914,3
